0.8742800481561102, 0.9041757422161298, 0.9663325623233102
0.8742800481561103, 0.9041757422161298, 0.9663325623233102
0.8742800481561103, 0.9041757422161298, 0.9663325623233102
0.8742800481561103, 0.9041757422161298, 0.9663325623233102
0.8742800481561103, 0.9041757422161298, 0.9663325623233102
0.8742800481561102, 0.9041757422161298, 0.9663325623233102
0.8742800481561103, 0.9041757422161298, 0.9663325623233102
0.8742800481561103, 0.9041757422161298, 0.9663325623233102
0.8742800481561103, 0.9041757422161298, 0.9663325623233102
0.8742800481561103, 0.9041757422161298, 0.9663325623233102
