0.07011741487268537, -0.03866234127929697, 0.3792806992405789
0.07004551334199935, -0.0380237623698706, 0.37971056025218514
0.07011741487268537, -0.03866234127929697, 0.3792806992405789
0.07161221811318627, -0.039203041825587585, 0.37784782920189136
0.07161221811318627, -0.039203041825587585, 0.37784782920189136
0.07161221811318627, -0.039203041825587585, 0.37784782920189136
0.07011741487268537, -0.03866234127929697, 0.3792806992405789
0.07011741487268537, -0.03866234127929697, 0.3792806992405789
0.07011741487268537, -0.03866234127929697, 0.3792806992405789
0.07161221811318627, -0.039203041825587585, 0.37784782920189136
