0.47606535742242406, 0.37961656339155736, 0.6704027108041183
0.47606535742242406, 0.37961656339155736, 0.6704027108041183
0.47606535742242406, 0.37961656339155736, 0.6704027108041183
0.47606535742242406, 0.37961656339155736, 0.6704027108041183
0.47606535742242406, 0.37961656339155736, 0.6704027108041183
0.47606535742242406, 0.37961656339155736, 0.6704027108041183
0.47606535742242406, 0.37961656339155736, 0.6704027108041183
0.47606535742242406, 0.37961656339155736, 0.6704027108041183
0.47606535742242406, 0.37961656339155736, 0.6704027108041183
0.4755073010446494, 0.37843420607768186, 0.6700117294408966
