0.9036974093090144, 0.9299667520873717, 0.9753276792598303
0.9036974093090143, 0.9299667520873717, 0.9753276792598303
0.9036974093090144, 0.9299667520873717, 0.9753276792598303
0.9036974093090143, 0.9299667520873717, 0.9753276792598303
0.9036974093090144, 0.9299667520873717, 0.9753276792598303
0.9036974093090143, 0.9299667520873717, 0.9753276792598303
0.9036974093090144, 0.9299667520873717, 0.9753276792598303
0.9036974093090142, 0.9299667520873717, 0.9753276792598303
0.9036974093090142, 0.9299667520873717, 0.9753276792598303
0.9036974093090143, 0.9299667520873717, 0.9753276792598303
