0.09884135092681808, -0.04826171032060457, 0.35895627644569816
0.09884135092681808, -0.04826171032060457, 0.35895627644569816
0.09884135092681808, -0.04826171032060457, 0.35895627644569816
0.09884135092681808, -0.04826171032060457, 0.35895627644569816
0.09884135092681808, -0.04826171032060457, 0.35895627644569816
0.09884135092681808, -0.04826171032060457, 0.35895627644569816
0.09884135092681808, -0.04826171032060457, 0.35895627644569816
0.09884135092681808, -0.04826171032060457, 0.35895627644569816
0.09884135092681808, -0.04826171032060457, 0.35895627644569816
0.09884135092681808, -0.04826171032060457, 0.35895627644569816
