0.46315320888858347, 0.1691852035823438, 0.30616576461848666
0.4637240377793725, 0.16997865378750446, 0.3061127029608405
0.4739224289244645, 0.17039965990399739, 0.317733205985355
0.463552658404164, 0.17004984539461104, 0.30632494959142526
0.4634786106489932, 0.17016457810714702, 0.3064841345643638
0.4632164272660215, 0.16901828604810837, 0.3062188262761329
0.46341478749103543, 0.17004936077904317, 0.3064310729067176
0.46327374359717477, 0.16916864883596683, 0.30690862782553324
0.48269830755081555, 0.1921790212021386, 0.3298843255863313
0.46325718974547847, 0.16919370267897832, 0.30616576461848666
