0.3379471618255704, 0.12927873816354254, 0.33642112763872806
0.34524862512189775, 0.14606479776360606, 0.34310145185713015
0.36400204356422916, 0.20992919144173341, 0.3714260265431549
0.3562280264897593, 0.16471161378329607, 0.3422107419613432
0.35603836852437754, 0.16106480264406184, 0.34889106617974525
0.3461580487304756, 0.15602543375552036, 0.33624298565957067
0.3480189431204559, 0.23081562972215802, 0.4256702591965797
0.35849686491537325, 0.16894228340780065, 0.3617172886790772
0.3453173013937588, 0.18540919724370744, 0.4146254564888216
0.3710527593198705, 0.26347359492524364, 0.44277188919568894
