0.38252047845716924, 0.1730585153175711, 0.3324129331076868
0.3748728896546713, 0.16447851733954177, 0.3371336955553576
0.39483896390644135, 0.2565769531875605, 0.3992161752917075
0.37166407700745474, 0.1609057809024836, 0.34167631602387105
0.3865049419561881, 0.17514927461337448, 0.3515631958671061
0.37916149415053724, 0.19760255258953022, 0.3956533357085597
0.3899434546149986, 0.25477756795706963, 0.4125768237285116
0.36867065917929565, 0.14452528488052296, 0.3307205843056916
0.37662945401407133, 0.16449063312077555, 0.3573528101897212
0.3749886186595642, 0.16946532835962064, 0.33846976039903803
