0.7086391133945504, 0.682202602243279, 0.5955791989060346
0.7086391133945504, 0.682202602243279, 0.5955791989060346
0.7086391133945504, 0.682202602243279, 0.5955791989060346
0.7086391133945504, 0.682202602243279, 0.5955791989060346
0.7086391133945504, 0.682202602243279, 0.5955791989060346
0.7086391133945504, 0.682202602243279, 0.5955791989060346
0.7086391133945504, 0.682202602243279, 0.5955791989060346
0.7086391133945504, 0.682202602243279, 0.5955791989060346
0.7086391133945504, 0.682202602243279, 0.5955791989060346
0.7086391133945504, 0.682202602243279, 0.5955791989060346
0.7086391133945504, 0.682202602243279, 0.5955791989060346
