0.7814829538226689, 0.7226559234557581, 0.5601209406291457
0.7814829538226689, 0.7226559234557581, 0.5601209406291457
0.7814829538226689, 0.7226559234557581, 0.5601209406291457
0.7814829538226689, 0.7226559234557581, 0.5601209406291457
0.7814829538226689, 0.7226559234557581, 0.5601209406291457
0.7814829538226689, 0.7226559234557581, 0.5601209406291457
0.7814829538226689, 0.7226559234557581, 0.5601209406291457
0.7814829538226689, 0.7226559234557581, 0.5601209406291457
0.7814829538226689, 0.7226559234557581, 0.5601209406291457
0.7814829538226689, 0.7226559234557581, 0.5601209406291457
