0.89424687207015, 0.9200408598218226, 0.9722436391673092
0.89424687207015, 0.9200408598218226, 0.9722436391673092
0.89424687207015, 0.9200408598218226, 0.9722436391673092
0.89424687207015, 0.9200408598218226, 0.9722436391673092
0.8942468720701499, 0.9200408598218226, 0.9722436391673092
0.8942468720701496, 0.9200408598218226, 0.9722436391673092
0.8942468720701496, 0.9200408598218226, 0.9722436391673092
0.8942468720701499, 0.9200408598218226, 0.9722436391673092
0.89424687207015, 0.9200408598218226, 0.9722436391673092
0.89424687207015, 0.9200408598218226, 0.9722436391673092
