0.8962294142941327, 0.9240358178637615, 0.9735286558725263
0.8962294142941327, 0.9240358178637615, 0.9735286558725263
0.8962294142941327, 0.9240358178637615, 0.9735286558725263
0.8962294142941327, 0.9240358178637615, 0.9735286558725263
0.8962294142941327, 0.9240358178637615, 0.9735286558725263
0.8962294142941327, 0.9240358178637615, 0.9735286558725263
0.8962294142941327, 0.9240358178637615, 0.9735286558725263
0.8962294142941327, 0.9240358178637615, 0.9735286558725263
0.8962294142941327, 0.9240358178637615, 0.9735286558725263
0.8962294142941327, 0.9240358178637615, 0.9735286558725263
