0.005447625563852079, 1.9768400448988315e-05, 0.20702794242167655
0.005447625563852079, 1.9768400448988315e-05, 0.20702794242167655
0.005447625563852079, 1.9768400448988315e-05, 0.20702794242167655
0.005447625563852079, 1.9768400448988315e-05, 0.20702794242167655
0.005447625563852079, 1.9768400448988315e-05, 0.20702794242167655
0.005447625563852079, 1.9768400448988315e-05, 0.20702794242167655
0.005447625563852079, 1.9768400448988315e-05, 0.20702794242167655
0.005447625563852079, 1.9768400448988315e-05, 0.20702794242167655
0.005447625563852079, 1.9768400448988315e-05, 0.20702794242167655
0.005447625563852079, 1.9768400448988315e-05, 0.20702794242167655
