0.5048303177320688, 0.44940598337913007, 0.6761371041313697
0.5048303177320689, 0.44940598337913007, 0.6761371041313697
0.5048303177320687, 0.44940598337913007, 0.6761371041313697
0.5048303177320689, 0.44940598337913007, 0.6761371041313697
0.5048303177320688, 0.44940598337913007, 0.6761371041313697
0.5048303177320688, 0.44940598337913007, 0.6761371041313697
0.5048303177320689, 0.44940598337913007, 0.6761371041313697
0.5048303177320688, 0.44940598337913007, 0.6761371041313697
0.5048303177320689, 0.44940598337913007, 0.6761371041313697
0.5048303177320689, 0.44940598337913007, 0.6761371041313697
