0.5053242455999548, 0.4350395278307838, 0.6671445327772709
0.5053242455999548, 0.4350395278307838, 0.6671445327772709
0.5053242455999548, 0.4350395278307838, 0.6671445327772709
0.5052398888409513, 0.4349777466315538, 0.6670142056561971
0.5053242455999547, 0.4350395278307838, 0.6671445327772709
0.5053242455999546, 0.4350395278307838, 0.6671445327772709
0.5053242455999548, 0.4350395278307838, 0.6671445327772709
0.5053242455999548, 0.4350395278307838, 0.6671445327772709
0.5053242455999548, 0.4350395278307838, 0.6671445327772709
0.5053242455999548, 0.4350395278307838, 0.6671445327772709
