0.9197941561846573, 0.9523417764324102, 0.9840657928553072
0.9228158115678656, 0.9539702340940269, 0.9845797995373939
0.9281759248260804, 0.9579147415675088, 0.9858648162426111
0.926510047808675, 0.9568356515942196, 0.9856078129015677
0.9243423106295267, 0.9556472880684612, 0.9850938062194808
0.9277609538660552, 0.9581677039069575, 0.9858648162426111
0.9225709509941286, 0.9538650303548465, 0.9845797995373939
0.9262689997084464, 0.9569544575136055, 0.9856078129015677
0.9274581396126952, 0.9575536583165306, 0.9858648162426111
0.9234335824185281, 0.9557942781593142, 0.9850938062194808
