0.9261779103054212, 0.9552650887586603, 0.9848368028784374
0.9228860622068947, 0.9525505604959259, 0.9838087895142636
0.9194209369503917, 0.9510116784849265, 0.9832947828321769
0.9292746854364433, 0.9563336255597996, 0.9850938062194808
0.9229954657104176, 0.9525424756001482, 0.9838087895142636
0.922850020139413, 0.9533951315580691, 0.9840657928553072
0.9213669851973311, 0.9524488884346112, 0.9838087895142636
0.9284299861328599, 0.9575288262358278, 0.9856078129015677
0.9148819370939781, 0.9471862561937865, 0.9820097661269597
0.9210065019271073, 0.9529106215208347, 0.9840657928553072
