0.8875883474205023, 0.9127101326218845, 0.9694166024158314
0.8875883474205023, 0.9127101326218845, 0.9694166024158314
0.8875883474205023, 0.9127101326218845, 0.9694166024158314
0.8875883474205024, 0.9127101326218845, 0.9694166024158314
0.8875883474205023, 0.9127101326218845, 0.9694166024158314
0.8875883474205023, 0.9127101326218845, 0.9694166024158314
0.8875883474205023, 0.9127101326218845, 0.9694166024158314
0.8875883474205023, 0.9127101326218845, 0.9694166024158314
0.8875883474205024, 0.9127101326218845, 0.9694166024158314
0.8875883474205024, 0.9127101326218845, 0.9694166024158314
