0.894762940276538, 0.9226911556709849, 0.9727576458493961
0.894762940276538, 0.9226911556709849, 0.9727576458493961
0.894762940276538, 0.9226911556709849, 0.9727576458493961
0.894762940276538, 0.9226911556709849, 0.9727576458493961
0.8947629402765378, 0.9226911556709849, 0.9727576458493961
0.8947629402765379, 0.9226911556709849, 0.9727576458493961
0.894762940276538, 0.9226911556709849, 0.9727576458493961
0.894762940276538, 0.9226911556709849, 0.9727576458493961
0.8947629402765379, 0.9226911556709849, 0.9727576458493961
0.894762940276538, 0.9226911556709849, 0.9727576458493961
