0.2663429202168483, 0.17024966343050907, 0.3748414376321353
0.2663429202168483, 0.17024966343050907, 0.3748414376321353
0.2663429202168483, 0.17024966343050907, 0.3748414376321353
0.2663429202168483, 0.17024966343050907, 0.3748414376321353
0.2663429202168483, 0.17024966343050907, 0.3748414376321353
0.26634292021684836, 0.17024966343050907, 0.3748414376321353
0.2663429202168483, 0.17024966343050907, 0.3748414376321353
0.2663429202168483, 0.17024966343050907, 0.3748414376321353
0.26634292021684836, 0.17024966343050907, 0.3748414376321353
0.26634292021684836, 0.17024966343050907, 0.3748414376321353
