0.45680864026681844, 0.2631096619614134, 0.4407077700846247
0.47120441780391087, 0.3579074136825594, 0.5304978569073524
0.4751129512585173, 0.3827960922229603, 0.5514891746345753
0.47434910980766115, 0.3877856836270535, 0.5199472469502143
0.46758738886535384, 0.3397980458643077, 0.5069787888778987
0.4538090231483066, 0.2644648243082495, 0.43433344323552037
0.45275179433008084, 0.26618277216520575, 0.43466314979668097
0.4378983573775047, 0.19664659872938556, 0.32695900648422904
0.45030026694714764, 0.2655979417420052, 0.43532256291900207
0.4482755337381845, 0.25789758339120594, 0.4387295307176613
