0.5256398131477023, 0.4522565760229253, 0.6937312654763457
0.5247422522221078, 0.4522312186179864, 0.6930796298709762
0.5246167158649307, 0.45200950608962587, 0.6929493027499023
0.5256398131477023, 0.4522565760229253, 0.6937312654763457
0.5259123675017876, 0.45276167356157515, 0.6938615925974195
0.5259527446281632, 0.45293551720634057, 0.6939919197184934
0.5247824155088774, 0.45240473602583114, 0.69320995699205
0.5259123675017876, 0.45276167356157515, 0.6938615925974195
0.5247422522221078, 0.4522312186179864, 0.6930796298709762
0.5247422522221077, 0.4522312186179864, 0.6930796298709762
