0.47974203583377195, 0.39598195259383684, 0.6603675224814284
0.47974203583377195, 0.39598195259383684, 0.6603675224814284
0.47974203583377195, 0.39598195259383684, 0.6603675224814284
0.4797420358337719, 0.39598195259383684, 0.6603675224814284
0.4794343884100246, 0.39633199324749163, 0.6602371953603545
0.47974203583377195, 0.39598195259383684, 0.6603675224814284
0.47974203583377195, 0.39598195259383684, 0.6603675224814284
0.479746006043108, 0.3961709402005699, 0.6603675224814284
0.47974203583377195, 0.39598195259383684, 0.6603675224814284
0.479746006043108, 0.3961709402005699, 0.6603675224814284
