0.8952406040549202, 0.9221413295484335, 0.9730146491904395
0.8952406040549202, 0.9221413295484335, 0.9730146491904395
0.8952406040549202, 0.9221413295484335, 0.9730146491904395
0.8952406040549201, 0.9221413295484335, 0.9730146491904395
0.8952406040549202, 0.9221413295484335, 0.9730146491904395
0.8952406040549202, 0.9221413295484335, 0.9730146491904395
0.8952406040549201, 0.9221413295484335, 0.9730146491904395
0.8952406040549201, 0.9221413295484335, 0.9730146491904395
0.8952406040549201, 0.9221413295484335, 0.9730146491904395
0.8952406040549202, 0.9221413295484335, 0.9730146491904395
