0.9047105060499403, 0.9315737154205096, 0.9760986892829607
0.9047105060499402, 0.9315737154205096, 0.9760986892829607
0.9047105060499403, 0.9315737154205096, 0.9760986892829607
0.9047105060499402, 0.9315737154205096, 0.9760986892829607
0.9047105060499402, 0.9315737154205096, 0.9760986892829607
0.9047105060499402, 0.9315737154205096, 0.9760986892829607
0.9047105060499402, 0.9315737154205096, 0.9760986892829607
0.9047105060499402, 0.9315737154205096, 0.9760986892829607
0.9047105060499403, 0.9315737154205096, 0.9760986892829607
0.9047105060499401, 0.9315737154205096, 0.9760986892829607
