0.006323600943054075, 2.0343812284328712e-05, 0.20732740364252436
0.006323600943054075, 2.0343812284328712e-05, 0.20732740364252436
0.006323600943054075, 2.0343812284328712e-05, 0.20732740364252436
0.006323600943054075, 2.0343812284328712e-05, 0.20732740364252436
0.006323600943054075, 2.0343812284328712e-05, 0.20732740364252436
0.006323600943054075, 2.0343812284328712e-05, 0.20732740364252436
0.006323600943054075, 2.0343812284328712e-05, 0.20732740364252436
0.00627377147591828, 2.1570175014101002e-05, 0.20732740364252436
0.006323600943054075, 2.0343812284328712e-05, 0.20732740364252436
0.006323600943054075, 2.0343812284328712e-05, 0.20732740364252436
