0.34445529912110057, 0.10930092855260834, 0.3430123808675514
0.37364697905384114, 0.15528633921433407, 0.3431905228467088
0.3776991750203426, 0.15158160751009297, 0.3617172886790772
0.38751918703970056, 0.15971452014192203, 0.35512603545025384
0.3787626493306986, 0.2118190980311692, 0.41222053977019685
0.3668007143521682, 0.11208925484799978, 0.3170036519105727
0.3734173041810237, 0.21134434633384816, 0.4262937561236305
0.3740075819860968, 0.16248711423460363, 0.35414625456488824
0.37373782782869336, 0.13110811471752604, 0.3475550013360648
0.3752450778481178, 0.14551211671306757, 0.3558386033668834
