0.5284245799145022, 0.4719883108268563, 0.6856509839697641
0.528294494252642, 0.47168196572639154, 0.6855206568486902
0.528294494252642, 0.47168196572639154, 0.6855206568486902
0.528294494252642, 0.47168196572639154, 0.6855206568486902
0.528294494252642, 0.47168196572639154, 0.6855206568486902
0.528294494252642, 0.47168196572639154, 0.6855206568486902
0.528294494252642, 0.47168196572639154, 0.6855206568486902
0.528294494252642, 0.47168196572639154, 0.6855206568486902
0.528294494252642, 0.47168196572639154, 0.6855206568486902
0.5284245799145022, 0.4719883108268563, 0.6856509839697641
