0.3736281028974307, 0.2225476514206992, 0.6382119118988662
0.3736281028974307, 0.2225476514206992, 0.6382119118988662
0.37362810289743076, 0.2225476514206992, 0.6382119118988662
0.37362810289743076, 0.2225476514206992, 0.6382119118988662
0.37362810289743076, 0.2225476514206992, 0.6382119118988662
0.37362810289743076, 0.2225476514206992, 0.6382119118988662
0.37362810289743076, 0.2225476514206992, 0.6382119118988662
0.3736281028974307, 0.2225476514206992, 0.6382119118988662
0.37362810289743076, 0.2225476514206992, 0.6382119118988662
0.37362810289743076, 0.2225476514206992, 0.6382119118988662
